aaa,0,3,1,10,10,10,10,10,10,10/1/0,0,0,0,0,0,0/80,121,685,92,425,440,417/[500]![500]![500]![500]![500]![500]![500]
ert,240,1,2,6,9,6,-1,-1,-1,-1/1/0,0,0/16,20,15/[10]![10]![10]
aei,0,2,1,5,5,5,5,5,-1,-1/2/0,0,0,0,0/46,83,42,82,34/[25, 50]![75, 50]![25, 50]![75, 50]![25, 50]
mmm,330,2,2,10,8,8,10,7,-1,-1/1/0,0,0,0,0/44,115,145,4,114/[100]![100]![100]![100]![100]
gth,0,3,1,10,10,10,10,10,10,10/1/0,0,0,0,0,0,0/76,385,719,151,676,698,164/[500]![500]![500]![500]![500]![500]![500]
vvv,250,1,2,8,8,7,-1,-1,-1,-1/1/0,1,0/12,10,16/[10]![]![10]
nnn,0,2,1,4,4,4,5,4,-1,-1/3/0,0,0,1,0/92,51,97,62,51/[87, 75, 50]![62, 75, 50]![87, 75, 50]![75, 50]![62, 75, 50]
qwe,0,2,1,7,7,7,7,7,-1,-1/0/0,0,0,0,0/77,64,28,100,69/[]![]![]![]![]
sss,0,2,1,6,6,6,6,6,-1,-1/1/0,0,0,0,0/11,51,45,43,91/[50]![50]![50]![50]![50]
10,0,1,1,5,5,5,-1,-1,-1,-1/0/0,0,0/9,7,10/[]![]![]
WAR,680,1,3,11,12,9,-1,-1,-1,-1/0/0,0,0/3,15,4/[]![]![]
